1973.000000	0.974536
1974.000000	0.974536
1975.000000	0.971396
1976.000000	0.736789
1977.000000	0.696874
1978.000000	0.690913
1984.000000	0.675161
1985.000000	0.489003
1987.000000	0.410247
1988.000000	0.370575
1989.000000	0.364726
1990.000000	0.350901
1991.000000	0.346119
1992.000000	0.336880
1993.000000	0.331686
1994.000000	0.321644
1995.000000	0.313902
1996.000000	0.305082
1997.000000	0.296588
1998.000000	0.287511
1999.000000	0.229990
2000.000000	0.201546
2001.000000	0.177880
2002.000000	0.155016
2003.000000	0.145249
2004.000000	0.134014
2005.000000	0.126123
2006.000000	0.109755
2007.000000	0.054262
2008.000000	0.044125
2009.000000	0.000000
