1973.000000	0.033333
1974.000000	0.100000
1975.000000	0.000000
1976.000000	-0.700000
1977.000000	-1.100000
1978.000000	-0.800000
1984.000000	0.083333
1985.000000	0.600000
1987.000000	0.800000
1988.000000	2.000000
1989.000000	-0.700000
1990.000000	0.000000
1991.000000	0.500000
1992.000000	0.600000
1993.000000	0.100000
1994.000000	-0.100000
1995.000000	0.600000
1996.000000	0.000000
1997.000000	-0.800000
1998.000000	1.400000
1999.000000	-0.300000
2000.000000	0.600000
2001.000000	0.900000
2002.000000	1.400000
2003.000000	0.400000
2004.000000	-0.100000
2005.000000	-0.100000
2006.000000	1.700000
2007.000000	0.300000
2008.000000	1.800000
2009.000000	0.700000
2010.000000	1.100000
2011.000000	1.500000
